[[1]]
       Yr Bio_smry
4955 1973 187152.0
4959 1974  78332.8
4963 1975  78465.5
4967 1976  79051.2
4971 1977  76981.0
4975 1978  74910.9
4979 1979  69354.3
4983 1980  65722.9
4987 1981  67122.9
4991 1982  70283.4
4995 1983  74496.4
4999 1984  79858.5
5003 1985  85036.2
5007 1986  86914.4
5011 1987  87231.1
5015 1988  85069.6
5019 1989  82206.6
5023 1990  79792.2
5027 1991  78009.8
5031 1992  78048.6
5035 1993  76954.1
5039 1994  74709.0
5043 1995  74072.7
5047 1996  79739.9
5051 1997  82983.0
5055 1998  85797.2
5059 1999  81786.4
5063 2000  82915.8
5067 2001  80057.2
5071 2002  79474.3
5075 2003  79614.1
5079 2004  81088.8
5083 2005  85253.2
5087 2006  87536.6
5091 2007  87126.6
5095 2008  85142.4
5099 2009  83044.2
5103 2010  80447.3
5107 2011  79212.3
5111 2012  79055.6
5115 2013  78097.2
5119 2014  78997.3
5123 2015  80374.0
5127 2016  83200.1
5131 2017  86835.1
5135 2018  89418.0
5139 2019  89617.3
5143 2020  89992.0
5147 2021  88754.6
5151 2022  86768.2

[[2]]
   Year     SSB
1  1975 28294.8
2  1976 28425.6
3  1977 28165.1
4  1978 27121.4
5  1979 25744.3
6  1980 24383.5
7  1981 22415.3
8  1982 22796.1
9  1983 23978.1
10 1984 25288.2
11 1985 25899.4
12 1986 27908.3
13 1987 29241.6
14 1988 29278.1
15 1989 29180.0
16 1990 29174.3
17 1991 29913.9
18 1992 29519.3
19 1993 28766.2
20 1994 27973.0
21 1995 28179.9
22 1996 27528.6
23 1997 28322.1
24 1998 31018.6
25 1999 29253.6
26 2000 27872.4
27 2001 28484.5
28 2002 29426.2
29 2003 29287.4
30 2004 28684.3
31 2005 28136.6
32 2006 29203.6
33 2007 30073.2
34 2008 30776.2
35 2009 30795.3
36 2010 30722.2
37 2011 30696.1
38 2012 30021.6
39 2013 29510.3
40 2014 28758.8
41 2015 27946.5
42 2016 28204.7
43 2017 29785.2
44 2018 31660.9
45 2019 33760.5
46 2020 35158.5
47 2021 35778.2

[[3]]
Ave 3-year SSB 
      34899.07 

[[4]]
20% SSBF=0 
  19146.38 

[[5]]
   SSB20Per Year
1  1.477815 1975
2  1.484646 1976
3  1.471041 1977
4  1.416529 1978
5  1.344604 1979
6  1.273531 1980
7  1.170733 1981
8  1.190622 1982
9  1.252357 1983
10 1.320783 1984
11 1.352705 1985
12 1.457628 1986
13 1.527265 1987
14 1.529172 1988
15 1.524048 1989
16 1.523750 1990
17 1.562379 1991
18 1.541770 1992
19 1.502436 1993
20 1.461008 1994
21 1.471814 1995
22 1.437797 1996
23 1.479241 1997
24 1.620077 1998
25 1.527892 1999
26 1.455753 2000
27 1.487723 2001
28 1.536907 2002
29 1.529658 2003
30 1.498158 2004
31 1.469552 2005
32 1.525281 2006
33 1.570699 2007
34 1.607416 2008
35 1.608414 2009
36 1.604596 2010
37 1.603233 2011
38 1.568004 2012
39 1.541299 2013
40 1.502049 2014
41 1.459623 2015
42 1.473109 2016
43 1.555657 2017
44 1.653624 2018
45 1.763284 2019
46 1.836300 2020
47 1.868667 2021

[[6]]
 SSBMSY 
16387.8 

[[7]]
   Year   SSBMSY
1  1975 1.726577
2  1976 1.734559
3  1977 1.718663
4  1978 1.654975
5  1979 1.570943
6  1980 1.487906
7  1981 1.367804
8  1982 1.391041
9  1983 1.463168
10 1984 1.543111
11 1985 1.580407
12 1986 1.702992
13 1987 1.784352
14 1988 1.786579
15 1989 1.780593
16 1990 1.780245
17 1991 1.825376
18 1992 1.801297
19 1993 1.755342
20 1994 1.706941
21 1995 1.719566
22 1996 1.679823
23 1997 1.728243
24 1998 1.892786
25 1999 1.785084
26 2000 1.700802
27 2001 1.738153
28 2002 1.795616
29 2003 1.787147
30 2004 1.750345
31 2005 1.716924
32 2006 1.782033
33 2007 1.835097
34 2008 1.877995
35 2009 1.879160
36 2010 1.874699
37 2011 1.873107
38 2012 1.831948
39 2013 1.800748
40 2014 1.754891
41 2015 1.705323
42 2016 1.721079
43 2017 1.817523
44 2018 1.931980
45 2019 2.060100
46 2020 2.145407
47 2021 2.183222

[[8]]
   Year   AnnualF
1  1975 0.1295500
2  1976 0.1519430
3  1977 0.1430650
4  1978 0.1700500
5  1979 0.1630480
6  1980 0.1513610
7  1981 0.1311060
8  1982 0.1123530
9  1983 0.1441050
10 1984 0.1208220
11 1985 0.1421990
12 1986 0.1414620
13 1987 0.1496920
14 1988 0.1488510
15 1989 0.1314780
16 1990 0.1218360
17 1991 0.1063010
18 1992 0.1159110
19 1993 0.1244880
20 1994 0.1019480
21 1995 0.0900623
22 1996 0.0923707
23 1997 0.0900389
24 1998 0.1942130
25 1999 0.1174540
26 2000 0.1433150
27 2001 0.1173620
28 2002 0.1146610
29 2003 0.1129040
30 2004 0.1098040
31 2005 0.1128050
32 2006 0.1300860
33 2007 0.1325580
34 2008 0.1243550
35 2009 0.1187420
36 2010 0.1097280
37 2011 0.0977520
38 2012 0.1064270
39 2013 0.0997195
40 2014 0.1091560
41 2015 0.1053920
42 2016 0.0973494
43 2017 0.0925374
44 2018 0.1015870
45 2019 0.0880427
46 2020 0.0886360
47 2021 0.0873769

[[9]]
Avg last 3-year F 
       0.08801853 

[[10]]
F 20%SSBF=0 
    0.15832 

[[11]]
   Year    F20Per
1  1975 0.8182794
2  1976 0.9597208
3  1977 0.9036445
4  1978 1.0740904
5  1979 1.0298636
6  1980 0.9560447
7  1981 0.8281076
8  1982 0.7096577
9  1983 0.9102135
10 1984 0.7631506
11 1985 0.8981746
12 1986 0.8935195
13 1987 0.9455028
14 1988 0.9401908
15 1989 0.8304573
16 1990 0.7695553
17 1991 0.6714313
18 1992 0.7321311
19 1993 0.7863062
20 1994 0.6439363
21 1995 0.5688624
22 1996 0.5834430
23 1997 0.5687146
24 1998 1.2267117
25 1999 0.7418772
26 2000 0.9052236
27 2001 0.7412961
28 2002 0.7242357
29 2003 0.7131379
30 2004 0.6935574
31 2005 0.7125126
32 2006 0.8216650
33 2007 0.8372789
34 2008 0.7854661
35 2009 0.7500126
36 2010 0.6930773
37 2011 0.6174330
38 2012 0.6722271
39 2013 0.6298604
40 2014 0.6894644
41 2015 0.6656897
42 2016 0.6148901
43 2017 0.5844960
44 2018 0.6416561
45 2019 0.5561060
46 2020 0.5598535
47 2021 0.5519006

[[12]]
    FMSY 
0.178078 

[[13]]
   Year      FMSY
1  1975 0.7274902
2  1976 0.8532385
3  1977 0.8033839
4  1978 0.9549186
5  1979 0.9155988
6  1980 0.8499702
7  1981 0.7362279
8  1982 0.6309202
9  1983 0.8092240
10 1984 0.6784780
11 1985 0.7985209
12 1986 0.7943822
13 1987 0.8405979
14 1988 0.8358753
15 1989 0.7383169
16 1990 0.6841721
17 1991 0.5969351
18 1992 0.6509002
19 1993 0.6990645
20 1994 0.5724907
21 1995 0.5057464
22 1996 0.5187092
23 1997 0.5056150
24 1998 1.0906064
25 1999 0.6595649
26 2000 0.8047878
27 2001 0.6590483
28 2002 0.6438808
29 2003 0.6340143
30 2004 0.6166062
31 2005 0.6334584
32 2006 0.7305001
33 2007 0.7443817
34 2008 0.6983176
35 2009 0.6667977
36 2010 0.6161794
37 2011 0.5489280
38 2012 0.5976426
39 2013 0.5599765
40 2014 0.6129674
41 2015 0.5918305
42 2016 0.5466672
43 2017 0.5196453
44 2018 0.5704635
45 2019 0.4944053
46 2020 0.4977369
47 2021 0.4906664

[[14]]
   Year Recruitment
1  1975     776.863
2  1976     767.510
3  1977     703.525
4  1978     595.771
5  1979     682.951
6  1980    1169.000
7  1981     936.853
8  1982     772.476
9  1983    1430.430
10 1984    1016.680
11 1985     932.941
12 1986     888.201
13 1987     824.691
14 1988     812.991
15 1989     674.945
16 1990     710.812
17 1991     776.606
18 1992     727.188
19 1993     673.061
20 1994     698.367
21 1995    1322.610
22 1996     751.620
23 1997     707.690
24 1998    1202.110
25 1999     822.368
26 2000     707.460
27 2001     728.559
28 2002     881.425
29 2003    1019.070
30 2004    1191.940
31 2005     851.419
32 2006     819.132
33 2007     790.700
34 2008     745.874
35 2009     659.977
36 2010     773.661
37 2011     728.093
38 2012     758.022
39 2013     895.814
40 2014     970.599
41 2015    1016.090
42 2016     964.401
43 2017     746.962
44 2018     783.354
45 2019     739.400
46 2020     624.962
47 2021     633.046

[[15]]
   Year     Catch
1  1974 13295.200
2  1975 12157.464
3  1976 13873.361
4  1977 12814.549
5  1978 14946.807
6  1979 12765.912
7  1980 12052.149
8  1981 12180.481
9  1982 10480.460
10 1983 13504.701
11 1984 14108.656
12 1985 15989.089
13 1986 15610.209
14 1987 16309.903
15 1988 15747.987
16 1989 13610.327
17 1990 12104.530
18 1991 10431.945
19 1992 11462.976
20 1993 12176.493
21 1994 10694.085
22 1995  9539.332
23 1996 11637.924
24 1997 10238.753
25 1998 19230.459
26 1999 13595.431
27 2000 16003.650
28 2001 12339.866
29 2002 12167.296
30 2003 12729.415
31 2004 12973.708
32 2005 14119.940
33 2006 15237.812
34 2007 15208.167
35 2008 14030.689
36 2009 13039.730
37 2010 11697.162
38 2011 10489.456
39 2012 11624.171
40 2013 11241.027
41 2014 12591.111
42 2015 12810.216
43 2016 12648.139
44 2017 11830.917
45 2018 12730.208
46 2019 11093.306
47 2020 10731.146
48 2021 10136.033

[[16]]
Catch 20%SSBF=0 
        14814.7 

[[17]]
Catch MSY 
  14924.5 

[[18]]
Avg last 3-year catch 
             10653.49 

[[19]]
        SPR Year
1  0.335379 1975
2  0.291536 1976
3  0.305439 1977
4  0.248909 1978
5  0.272093 1979
6  0.272280 1980
7  0.260692 1981
8  0.335659 1982
9  0.278578 1983
10 0.282866 1984
11 0.266920 1985
12 0.287253 1986
13 0.275248 1987
14 0.275883 1988
15 0.309149 1989
16 0.337055 1990
17 0.381295 1991
18 0.345675 1992
19 0.322935 1993
20 0.360116 1994
21 0.395556 1995
22 0.336437 1996
23 0.398413 1997
24 0.235055 1998
25 0.312596 1999
26 0.263408 2000
27 0.342138 2001
28 0.347488 2002
29 0.329577 2003
30 0.323267 2004
31 0.303118 2005
32 0.299080 2006
33 0.301603 2007
34 0.322518 2008
35 0.337183 2009
36 0.363316 2010
37 0.390421 2011
38 0.354049 2012
39 0.362245 2013
40 0.325432 2014
41 0.320376 2015
42 0.335038 2016
43 0.373774 2017
44 0.366319 2018
45 0.416533 2019
46 0.429587 2020
47 0.443005 2021

[[20]]
Avg last 3-year SPR 
          0.4297083 

[[21]]
SPR 20%SSBF=0 
     0.222222 

[[22]]
SPR MSY 
0.18741 

[[23]]
  L1_F  L2_F   K_F CVyoung_F CVold_F Wtlen.a_F Wtlen.b_F L1_M  L2_M   K_M
1 80.1 226.3 0.246       0.1     0.1   1.3e-05      3.07 83.4 206.4 0.271
  CVyoung_M CVold_M Wtlen.a_M Wtlen.b_M
1       0.1     0.1   1.3e-05      3.07

[[24]]
     L50   Slope Egg.kg.int Egg.kg.slope
1 143.68 -0.1034          1            0

[[25]]
   ln.R0. Steepness SigmaR
1 6.84174       0.9   0.42

